62
178
856
451
701
168
379
879
780
43
670
58
542
257
442
224
243
546
244
479
552
395
45
760
86
299
430
453
675
134
317
289
99
298
911
447
11
894
466
8
215
934
469
736
673
854
782
494
802
503
778
955
28
982
169
256
959
903
643
798
0
608
790
813
345
227
411
726
37
502
582
727
860
364
311
769
421
231
179
930
896
757
420
832
118
665
687
700
718
685
91
104
550
93
501
596
847
836
787
669
703
845
695
333
315
581
731
547
815
851
375
599
202
915
801
805
875
184
373
987
810
531
573
147
843
96
490
133
904
510
749
440
709
730
200
553
734
652
83
683
180
57
183
316
485
954
388
804
235
5
461
457
386
199
853
611
194
943
366
818
878
632
548
744
471
434
984
566
29
678
621
739
212
567
977
24
50
592
681
969
647
97
121
128
986
491
694
437
85
267
661
650
520
160
252
328
6
717
939
398
606
848
664
19
561
306
216
704
588
463
287
942
242
994
779
783
724
173
338
283
340
41
223
217
110
327
454
175
725
167
324
35
305
218
258
535
844
509
149
773
855
973
901
965
22
290
192
679
92
604
125
751
171
151
630
191
402
233
416
362
602
764
517
960
30
776
438
902
107
232
708
415
584
873
698
114
506
482
370
56
917
512
597
837
346
587
358
755
374
234
369
449
735
385
752
762
569
301
382
285
376
614
126
265
786
53
185
3
322
150
13
36
556
711
794
686
365
308
918
122
824
34
81
684
76
806
26
355
352
568
210
817
42
60
38
928
579
676
459
648
590
852
714
49
372
7
823
239
505
277
483
821
321
115
368
539
809
634
538
54
94
619
74
392
357
627
595
576
319
153
211
187
963
885
750
67
792
154
618
785
450
948
89
174
532
990
302
259
214
866
495
452
516
435
874
585
822
705
87
77
188
663
31
360
788
543
241
738
21
807
838
307
693
890
706
580
349
135
586
797
489
970
123
720
276
427
142
956
295
644
113
339
144
524
729
472
166
124
900
549
886
623
571
361
436
417
667
225
816
601
387
498
871
247
439
272
593
380
831
766
674
343
17
412
145
981
754
351
625
784
209
697
646
605
564
419
980
830
767
867
544
208
384
347
672
401
559
570
405
468
999
64
336
10
170
433
995
594
156
540
615
829
205
791
865
515
246
120
348
407
132
262
51
139
470
763
400
521
195
456
314
591
864
620
33
770
565
692
378
300
203
741
895
924
25
609
668
682
207
940
141
284
872
626
186
946
106
628
46
690
666
758
645
271
869
255
47
68
66
972
397
70
932
688
403
410
922
383
702
39
657
768
330
839
377
23
313
446
428
363
985
253
189
458
286
499
269
288
713
475
245
143
897
545
100
331
226
381
899
921
296
712
131
391
722
196
756
356
989
250
101
69
577
633
870
861
961
164
278
55
719
329
881
275
914
677
425
747
846
612
971
157
610
759
236
158
476
631
659
443
342
423
105
282
2
248
148
884
525
691
530
938
887
477
716
607
527
728
254
578
613
396
136
603
913
622
408
910
102
318
65
201
507
882
639
162
655
88
98
161
95
920
598
508
229
908
841
988
460
222
152
1
16
424
82
976
715
947
293
84
140
868
964
496
165
877
18
159
409
863
291
432
862
320
304
555
888
513
935
909
504
966
359
108
155
827
130
52
15
75
962
743
418
857
481
761
958
952
371
808
72
44
723
907
923
500
941
341
63
572
803
575
406
944
297
478
163
112
260
541
945
335
497
445
737
799
933
261
967
172
528
413
600
263
219
79
925
557
488
927
745
656
640
238
473
268
732
4
662
649
654
279
889
931
850
197
181
537
467
658
431
177
90
826
280
146
560
950
842
746
740
624
534
526
898
281
514
563
893
394
765
834
303
997
274
480
523
344
880
891
78
536
182
926
249
912
558
753
653
71
949
103
404
748
978
812
264
660
975
389
228
486
80
292
811
119
916
198
367
127
996
332
819
795
237
533
213
936
487
993
337
642
116
206
775
312
840
641
777
742
883
48
617
906
638
828
221
820
441
390
326
310
689
422
733
20
974
429
492
266
953
465
350
859
455
951
636
220
529
519
680
251
892
937
323
833
616
273
992
9
484
270
789
771
825
696
493
190
230
929
849
137
448
32
474
27
14
905
325
309
193
414
991
73
294
671
774
562
464
354
968
109
117
707
111
983
589
919
583
781
138
858
554
240
522
462
651
444
176
800
426
835
998
979
129
793
353
957
772
399
710
629
721
814
637
40
393
61
204
59
635
876
574
511
796
334
12
699
518
551
